65
103
1 2
1 4
2 3
2 4
2 9
2 31
3 4
3 5
3 40
3 42
3 43
4 5
4 8
4 5
4 9
4 30
5 6
5 7
5 64
6 7
7 8
9 10
9 26
10 11
10 12
11 12
12 13
13 14
13 23
13 24
14 15
14 23
15 18
15 23
16 17
16 18
18 19
18 23
19 21
20 21
21 22
22 29
22 32
22 37
23 24
24 25
24 27
24 29
25 26
25 27
26 27
26 28
28 29
30 31
32 33
32 36
32 37
33 34
34 35
35 36
35 38
35 40
37 38
38 49
39 40
40 42
41 42
41 44
41 45
42 43
42 44
43 56
43 64
43 65
44 45
44 46
44 56
45 46
46 48
47 48
48 49
48 55
49 50
49 55
50 51
50 54
51 52
52 53
53 54
56 57
56 58
56 60
57 58
58 59
58 60
60 62
60 63
60 65
61 62
62 63
63 64
63 65
64 65